4
921347
0
0
erase 6,99051,130560,482936,491008,587424,589312
new 2,0,1024
new 2,1024,2048
new 2,2048,3072
new 2,3072,4096
new 2,4096,5120
new 2,5120,6144
new 2,6144,7168
new 2,7168,8192
new 2,8192,9216
new 2,9216,10240
new 2,10240,11264
new 2,11264,12288
new 2,12288,13312
new 2,13312,14336
new 2,14336,15360
new 2,15360,16384
new 2,16384,17408
new 2,17408,18432
new 2,18432,19456
new 2,19456,20480
new 2,20480,21504
new 2,21504,22528
new 2,22528,23552
new 2,23552,24576
new 2,24576,25600
new 2,25600,26624
new 2,26624,27648
new 2,27648,28672
new 2,28672,29696
new 2,29696,30720
new 2,30720,31744
new 4,31744,32767,32768,32769
new 6,32769,32770,33001,33003,33514,34535
new 2,34535,35559
new 2,35559,36583
new 2,36583,37607
new 2,37607,38631
new 2,38631,39655
new 2,39655,40679
new 2,40679,41703
new 2,41703,42727
new 2,42727,43751
new 2,43751,44775
new 2,44775,45799
new 2,45799,46823
new 2,46823,47847
new 2,47847,48871
new 2,48871,49895
new 2,49895,50919
new 2,50919,51943
new 2,51943,52967
new 2,52967,53991
new 2,53991,55015
new 2,55015,56039
new 2,56039,57063
new 2,57063,58087
new 2,58087,59111
new 2,59111,60135
new 2,60135,61159
new 2,61159,62183
new 2,62183,63207
new 2,63207,64231
new 2,64231,65255
new 6,65255,65534,65536,65538,66049,66792
new 2,66792,67816
new 2,67816,68840
new 2,68840,69864
new 2,69864,70888
new 2,70888,71912
new 2,71912,72936
new 2,72936,73960
new 2,73960,74984
new 2,74984,76008
new 2,76008,77032
new 2,77032,78056
new 2,78056,79080
new 2,79080,80104
new 2,80104,81128
new 2,81128,82152
new 2,82152,83176
new 2,83176,84200
new 2,84200,85224
new 2,85224,86248
new 2,86248,87272
new 2,87272,88296
new 2,88296,89320
new 2,89320,90344
new 2,90344,91368
new 2,91368,92392
new 2,92392,93416
new 2,93416,94440
new 2,94440,95464
new 2,95464,96488
new 2,96488,97512
new 10,97512,98303,98304,98306,98537,98539,131072,131074,131585,131812
new 2,131812,132836
new 2,132836,133860
new 2,133860,134884
new 2,134884,135908
new 2,135908,136932
new 2,136932,137956
new 2,137956,138980
new 2,138980,140004
new 2,140004,141028
new 2,141028,142052
new 2,142052,143076
new 2,143076,144100
new 2,144100,145124
new 2,145124,146148
new 2,146148,147172
new 2,147172,148196
new 2,148196,149220
new 2,149220,150244
new 2,150244,151268
new 2,151268,152292
new 2,152292,153316
new 2,153316,154340
new 2,154340,155364
new 2,155364,156388
new 2,156388,157412
new 2,157412,158436
new 2,158436,159460
new 2,159460,160484
new 2,160484,161508
new 2,161508,162532
new 2,162532,163556
new 8,163556,163839,163840,163842,164073,164075,164586,165323
new 2,165323,166347
new 2,166347,167371
new 2,167371,168395
new 2,168395,169419
new 2,169419,170443
new 2,170443,171467
new 2,171467,172491
new 2,172491,173515
new 2,173515,174539
new 2,174539,175563
new 2,175563,176587
new 2,176587,177611
new 2,177611,178635
new 2,178635,179659
new 2,179659,180683
new 2,180683,181707
new 2,181707,182731
new 2,182731,183755
new 2,183755,184779
new 2,184779,185803
new 2,185803,186827
new 2,186827,187851
new 2,187851,188875
new 2,188875,189899
new 2,189899,190923
new 2,190923,191947
new 2,191947,192971
new 2,192971,193995
new 2,193995,195019
new 2,195019,196043
new 6,196043,196607,196608,196610,197121,197579
new 2,197579,198603
new 2,198603,199627
new 2,199627,200651
new 2,200651,201675
new 2,201675,202699
new 2,202699,203723
new 2,203723,204747
new 2,204747,205771
new 2,205771,206795
new 2,206795,207819
new 2,207819,208843
new 2,208843,209867
new 2,209867,210891
new 2,210891,211915
new 2,211915,212939
new 2,212939,213963
new 2,213963,214987
new 2,214987,216011
new 2,216011,217035
new 2,217035,218059
new 2,218059,219083
new 2,219083,220107
new 2,220107,221131
new 2,221131,222155
new 2,222155,223179
new 2,223179,224203
new 2,224203,225227
new 2,225227,226251
new 2,226251,227275
new 2,227275,228299
new 2,228299,229323
new 8,229323,229375,229376,229378,229609,229611,230122,231090
new 2,231090,232114
new 2,232114,233138
new 2,233138,234162
new 2,234162,235186
new 2,235186,236210
new 2,236210,237234
new 2,237234,238258
new 2,238258,239282
new 2,239282,240306
new 2,240306,241330
new 2,241330,242354
new 2,242354,243378
new 2,243378,244402
new 2,244402,245426
new 2,245426,246450
new 2,246450,247474
new 2,247474,248498
new 2,248498,249522
new 2,249522,250546
new 2,250546,251570
new 2,251570,252594
new 2,252594,253618
new 2,253618,254642
new 2,254642,255666
new 2,255666,256690
new 2,256690,257714
new 2,257714,258738
new 2,258738,259762
new 2,259762,260786
new 2,260786,261810
new 6,261810,262143,262144,262146,262657,263346
new 2,263346,264370
new 2,264370,265394
new 2,265394,266418
new 2,266418,267442
new 2,267442,268466
new 2,268466,269490
new 2,269490,270514
new 2,270514,271538
new 2,271538,272562
new 2,272562,273586
new 2,273586,274610
new 2,274610,275634
new 2,275634,276658
new 2,276658,277682
new 2,277682,278706
new 2,278706,279730
new 2,279730,280754
new 2,280754,281778
new 2,281778,282802
new 2,282802,283826
new 2,283826,284850
new 2,284850,285874
new 2,285874,286898
new 2,286898,287922
new 2,287922,288946
new 2,288946,289970
new 2,289970,290994
new 2,290994,292018
new 2,292018,293042
new 2,293042,294066
new 8,294066,294911,294912,294914,295145,295147,295658,295833
new 2,295833,296857
new 2,296857,297881
new 2,297881,298905
new 2,298905,299929
new 2,299929,300953
new 2,300953,301977
new 2,301977,303001
new 2,303001,304025
new 2,304025,305049
new 2,305049,306073
new 2,306073,307097
new 2,307097,308121
new 2,308121,309145
new 2,309145,310169
new 2,310169,311193
new 2,311193,312217
new 2,312217,313241
new 2,313241,314265
new 2,314265,315289
new 2,315289,316313
new 2,316313,317337
new 2,317337,318361
new 2,318361,319385
new 2,319385,320409
new 2,320409,321433
new 2,321433,322457
new 2,322457,323481
new 2,323481,324505
new 2,324505,325529
new 2,325529,326553
new 2,326553,327577
new 6,327577,327679,327680,327682,328193,329113
new 2,329113,330137
new 2,330137,331161
new 2,331161,332185
new 2,332185,333209
new 2,333209,334233
new 2,334233,335257
new 2,335257,336281
new 2,336281,337305
new 2,337305,338329
new 2,338329,339353
new 2,339353,340377
new 2,340377,341401
new 2,341401,342425
new 2,342425,343449
new 2,343449,344473
new 2,344473,345497
new 2,345497,346521
new 2,346521,347545
new 2,347545,348569
new 2,348569,349593
new 2,349593,350617
new 2,350617,351641
new 2,351641,352665
new 2,352665,353689
new 2,353689,354713
new 2,354713,355737
new 2,355737,356761
new 2,356761,357785
new 2,357785,358809
new 2,358809,359833
new 6,359833,360446,360448,360450,360961,361370
new 2,361370,362394
new 2,362394,363418
new 2,363418,364442
new 2,364442,365466
new 2,365466,366490
new 2,366490,367514
new 2,367514,368538
new 2,368538,369562
new 2,369562,370586
new 2,370586,371610
new 2,371610,372634
new 2,372634,373658
new 2,373658,374682
new 2,374682,375706
new 2,375706,376730
new 2,376730,377754
new 2,377754,378778
new 2,378778,379802
new 2,379802,380826
new 2,380826,381850
new 2,381850,382874
new 2,382874,383898
new 2,383898,384922
new 2,384922,385946
new 2,385946,386970
new 2,386970,387994
new 2,387994,389018
new 2,389018,390042
new 2,390042,391066
new 2,391066,392090
new 2,392090,393114
new 6,393114,393215,393216,393218,393729,394650
new 2,394650,395674
new 2,395674,396698
new 2,396698,397722
new 2,397722,398746
new 2,398746,399770
new 2,399770,400794
new 2,400794,401818
new 2,401818,402842
new 2,402842,403866
new 2,403866,404890
new 2,404890,405914
new 2,405914,406938
new 2,406938,407962
new 2,407962,408986
new 2,408986,410010
new 2,410010,411034
new 2,411034,412058
new 2,412058,413082
new 2,413082,414106
new 2,414106,415130
new 2,415130,416154
new 2,416154,417178
new 2,417178,418202
new 2,418202,419226
new 2,419226,420250
new 2,420250,421274
new 2,421274,422298
new 2,422298,423322
new 2,423322,424346
new 2,424346,425370
new 6,425370,425982,425984,425986,426497,426907
new 2,426907,427931
new 2,427931,428955
new 2,428955,429979
new 2,429979,431003
new 2,431003,432027
new 2,432027,433051
new 2,433051,434075
new 2,434075,435099
new 2,435099,436123
new 2,436123,437147
new 2,437147,438171
new 2,438171,439195
new 2,439195,440219
new 2,440219,441243
new 2,441243,442267
new 2,442267,443291
new 2,443291,444315
new 2,444315,445339
new 2,445339,446363
new 2,446363,447387
new 2,447387,448411
new 2,448411,449435
new 2,449435,450459
new 2,450459,451483
new 2,451483,452507
new 2,452507,453531
new 2,453531,454555
new 2,454555,455579
new 2,455579,456603
new 2,456603,457627
new 2,457627,458651
new 6,458651,458750,458752,458754,459265,460188
new 2,460188,461212
new 2,461212,462236
new 2,462236,463260
new 2,463260,464284
new 2,464284,465308
new 2,465308,466332
new 2,466332,467356
new 2,467356,468380
new 2,468380,469404
new 2,469404,470428
new 2,470428,471452
new 2,471452,472476
new 2,472476,473500
new 2,473500,474524
new 2,474524,475548
new 2,475548,476572
new 2,476572,477596
new 2,477596,478620
new 2,478620,479644
new 2,479644,480668
new 2,480668,481692
new 6,481692,482424,491520,491522,492033,492323
new 2,492323,493347
new 2,493347,494371
new 2,494371,495395
new 2,495395,496419
new 2,496419,497443
new 2,497443,498467
new 2,498467,499491
new 2,499491,500515
new 2,500515,501539
new 2,501539,502563
new 2,502563,503587
new 2,503587,504611
new 2,504611,505635
new 2,505635,506659
new 2,506659,507683
new 2,507683,508707
new 2,508707,509731
new 2,509731,510755
new 2,510755,511779
new 2,511779,512803
new 2,512803,513827
new 2,513827,514851
new 2,514851,515875
new 2,515875,516899
new 2,516899,517923
new 2,517923,518947
new 2,518947,519971
new 2,519971,520995
new 2,520995,522019
new 2,522019,523043
new 2,523043,524067
new 6,524067,524287,524288,524290,524801,525603
new 2,525603,526627
new 2,526627,527651
new 2,527651,528675
new 2,528675,529699
new 2,529699,530723
new 2,530723,531747
new 2,531747,532771
new 2,532771,533795
new 2,533795,534819
new 2,534819,535843
new 2,535843,536867
new 2,536867,537891
new 2,537891,538915
new 2,538915,539939
new 2,539939,540963
new 2,540963,541987
new 2,541987,543011
new 2,543011,544035
new 2,544035,545059
new 2,545059,546083
new 2,546083,547107
new 2,547107,548131
new 2,548131,549155
new 2,549155,550179
new 2,550179,551203
new 2,551203,552227
new 2,552227,553251
new 2,553251,554275
new 2,554275,555299
new 2,555299,556323
new 6,556323,557054,557056,557058,557569,557860
new 2,557860,558884
new 2,558884,559908
new 2,559908,560932
new 2,560932,561956
new 2,561956,562980
new 2,562980,564004
new 2,564004,565028
new 2,565028,566052
new 2,566052,567076
new 2,567076,568100
new 2,568100,569124
new 2,569124,570148
new 2,570148,571172
new 2,571172,572196
new 2,572196,573220
new 2,573220,574244
new 2,574244,575268
new 2,575268,576292
new 2,576292,577316
new 2,577316,578340
new 2,578340,579364
new 2,579364,580388
new 2,580388,581412
new 2,581412,582436
new 2,582436,583460
new 2,583460,584484
new 2,584484,585508
new 2,585508,586532
new 6,586532,586912,589824,589826,590337,590979
new 2,590979,592003
new 2,592003,593027
new 2,593027,594051
new 2,594051,595075
new 2,595075,596099
new 2,596099,597123
new 2,597123,598147
new 2,598147,599171
new 2,599171,600195
new 2,600195,601219
new 2,601219,602243
new 2,602243,603267
new 2,603267,604291
new 2,604291,605315
new 2,605315,606339
new 2,606339,607363
new 2,607363,608387
new 2,608387,609411
new 2,609411,610435
new 2,610435,611459
new 2,611459,612483
new 2,612483,613507
new 2,613507,614531
new 2,614531,615555
new 2,615555,616579
new 2,616579,617603
new 2,617603,618627
new 2,618627,619651
new 2,619651,620675
new 2,620675,621699
new 6,621699,622590,622592,622594,623105,623236
new 2,623236,624260
new 2,624260,625284
new 2,625284,626308
new 2,626308,627332
new 2,627332,628356
new 2,628356,629380
new 2,629380,630404
new 2,630404,631428
new 2,631428,632452
new 2,632452,633476
new 2,633476,634500
new 2,634500,635524
new 2,635524,636548
new 2,636548,637572
new 2,637572,638596
new 2,638596,639620
new 2,639620,640644
new 2,640644,641668
new 2,641668,642692
new 2,642692,643716
new 2,643716,644740
new 2,644740,645764
new 2,645764,646788
new 2,646788,647812
new 2,647812,648836
new 2,648836,649860
new 2,649860,650884
new 2,650884,651908
new 2,651908,652932
new 2,652932,653956
new 2,653956,654980
new 6,654980,655358,655360,655362,655873,656517
new 2,656517,657541
new 2,657541,658565
new 2,658565,659589
new 2,659589,660613
new 2,660613,661637
new 2,661637,662661
new 2,662661,663685
new 2,663685,664709
new 2,664709,665733
new 2,665733,666757
new 2,666757,667781
new 2,667781,668805
new 2,668805,669829
new 2,669829,670853
new 2,670853,671877
new 2,671877,672901
new 2,672901,673925
new 2,673925,674949
new 2,674949,675973
new 2,675973,676997
new 2,676997,678021
new 2,678021,679045
new 2,679045,680069
new 2,680069,681093
new 2,681093,682117
new 2,682117,683141
new 2,683141,684165
new 2,684165,685189
new 2,685189,686213
new 2,686213,687237
new 6,687237,688126,688128,688130,688641,688774
new 2,688774,689798
new 2,689798,690822
new 2,690822,691846
new 2,691846,692870
new 2,692870,693894
new 2,693894,694918
new 2,694918,695942
new 2,695942,696966
new 2,696966,697990
new 2,697990,699014
new 2,699014,700038
new 2,700038,701062
new 2,701062,702086
new 2,702086,703110
new 2,703110,704134
new 2,704134,705158
new 2,705158,706182
new 2,706182,707206
new 2,707206,708230
new 2,708230,709254
new 2,709254,710278
new 2,710278,711302
new 2,711302,712326
new 2,712326,713350
new 2,713350,714374
new 2,714374,715398
new 2,715398,716422
new 2,716422,717446
new 2,717446,718470
new 2,718470,719494
new 2,719494,720518
new 6,720518,720894,720896,720898,721409,722055
new 2,722055,723079
new 2,723079,724103
new 2,724103,725127
new 2,725127,726151
new 2,726151,727175
new 2,727175,728199
new 2,728199,729223
new 2,729223,730247
new 2,730247,731271
new 2,731271,732295
new 2,732295,733319
new 2,733319,734343
new 2,734343,735367
new 2,735367,736391
new 2,736391,737415
new 2,737415,738439
new 2,738439,739463
new 2,739463,740487
new 2,740487,741511
new 2,741511,742535
new 2,742535,743559
new 2,743559,744583
new 2,744583,745607
new 2,745607,746631
new 2,746631,747655
new 2,747655,748679
new 2,748679,749703
new 2,749703,750727
new 2,750727,751751
new 2,751751,752775
new 6,752775,753662,753664,753666,754177,754312
new 2,754312,755336
new 2,755336,756360
new 2,756360,757384
new 2,757384,758408
new 2,758408,759432
new 2,759432,760456
new 2,760456,761480
new 2,761480,762504
new 2,762504,763528
new 2,763528,764552
new 2,764552,765576
new 2,765576,766600
new 2,766600,767624
new 2,767624,768648
new 2,768648,769672
new 2,769672,770696
new 2,770696,771720
new 2,771720,772744
new 2,772744,773768
new 2,773768,774792
new 2,774792,775816
new 2,775816,776840
new 2,776840,777864
new 2,777864,778888
new 2,778888,779912
new 2,779912,780936
new 2,780936,781960
new 2,781960,782984
new 2,782984,784008
new 2,784008,785032
new 2,785032,786056
new 6,786056,786431,786432,786434,786945,787592
new 2,787592,788616
new 2,788616,789640
new 2,789640,790664
new 2,790664,791688
new 2,791688,792712
new 2,792712,793736
new 2,793736,794760
new 2,794760,795784
new 2,795784,796808
new 2,796808,797832
new 2,797832,798856
new 2,798856,799880
new 2,799880,800904
new 2,800904,801928
new 2,801928,802952
new 2,802952,803976
new 2,803976,805000
new 2,805000,806024
new 2,806024,807048
new 2,807048,808072
new 2,808072,809096
new 2,809096,810120
new 2,810120,811144
new 2,811144,812168
new 2,812168,813192
new 2,813192,814216
new 2,814216,815240
new 2,815240,816264
new 2,816264,817288
new 2,817288,818312
new 8,818312,819198,819200,819202,819433,819435,819946,820080
new 2,820080,821104
new 2,821104,822128
new 2,822128,823152
new 2,823152,824176
new 2,824176,825200
new 2,825200,826224
new 2,826224,827248
new 2,827248,828272
new 2,828272,829296
new 2,829296,830320
new 2,830320,831344
new 2,831344,832368
new 2,832368,833392
new 2,833392,834416
new 2,834416,835440
new 2,835440,836464
new 2,836464,837488
new 2,837488,838512
new 2,838512,839536
new 2,839536,840560
new 2,840560,841584
new 2,841584,842608
new 2,842608,843632
new 2,843632,844656
new 2,844656,845680
new 2,845680,846704
new 2,846704,847728
new 2,847728,848752
new 2,848752,849776
new 2,849776,850800
new 2,850800,851824
new 6,851824,851966,851968,851970,852481,853361
new 2,853361,854385
new 2,854385,855409
new 2,855409,856433
new 2,856433,857457
new 2,857457,858481
new 2,858481,859505
new 2,859505,860529
new 2,860529,861553
new 2,861553,862577
new 2,862577,863601
new 2,863601,864625
new 2,864625,865649
new 2,865649,866673
new 2,866673,867697
new 2,867697,868721
new 2,868721,869745
new 2,869745,870769
new 2,870769,871793
new 2,871793,872817
new 2,872817,873841
new 2,873841,874865
new 2,874865,875889
new 2,875889,876913
new 2,876913,877937
new 2,877937,878961
new 2,878961,879985
new 2,879985,881009
new 2,881009,882033
new 2,882033,883057
new 2,883057,884081
new 8,884081,884734,884736,884738,884969,884971,885482,885849
new 2,885849,886873
new 2,886873,887897
new 2,887897,888921
new 2,888921,889945
new 2,889945,890969
new 2,890969,891993
new 2,891993,893017
new 2,893017,894041
new 2,894041,895065
new 2,895065,896089
new 2,896089,897113
new 2,897113,898137
new 2,898137,899161
new 2,899161,900185
new 2,900185,901209
new 2,901209,902233
new 2,902233,903257
new 2,903257,904281
new 2,904281,905305
new 2,905305,906329
new 2,906329,907353
new 2,907353,908377
new 2,908377,909401
new 2,909401,910425
new 2,910425,911449
new 2,911449,912473
new 2,912473,913497
new 2,913497,914521
new 2,914521,915545
new 2,915545,916569
new 6,916569,917502,917504,917506,918017,918106
new 2,918106,919130
new 2,919130,920154
new 2,920154,921178
new 2,921178,922202
new 2,922202,923226
new 2,923226,924250
new 2,924250,925274
new 2,925274,926298
new 2,926298,927322
new 2,927322,928346
new 2,928346,929370
new 2,929370,930394
new 2,930394,931418
new 2,931418,932442
new 2,932442,933466
new 2,933466,934490
new 2,934490,935514
new 2,935514,936538
new 2,936538,937562
new 2,937562,938586
new 2,938586,939610
new 2,939610,940634
new 2,940634,941658
new 2,941658,942682
new 2,942682,943706
new 2,943706,944730
new 2,944730,945754
new 2,945754,946778
new 4,946778,947603,947604,947803
new 2,947803,948827
new 2,948827,949851
new 2,949851,950875
new 2,950875,951899
new 2,951899,952923
new 2,952923,953947
new 2,953947,954971
new 2,954971,955995
new 2,955995,957019
new 2,957019,958043
new 2,958043,959067
new 2,959067,960091
new 2,960091,961115
new 2,961115,962139
new 4,962139,962618,962815,962816
zero 10,32767,32768,32770,33001,33003,33514,65534,65536,65538,65817
zero 10,65817,66049,98303,98304,98306,98537,98539,99051,130560,130608
zero 8,130608,131072,131074,131585,163839,163840,163842,163890
zero 8,163890,164073,164075,164586,196607,196608,196610,196939
zero 12,196939,197121,229375,229376,229378,229609,229611,230122,262143,262144,262146,262244
zero 8,262244,262657,294911,294912,294914,295145,295147,295526
zero 10,295526,295658,327679,327680,327682,328193,360446,360448,360450,360828
zero 10,360828,360961,393215,393216,393218,393729,425982,425984,425986,426363
zero 8,426363,426497,458750,458752,458754,459265,482424,482801
zero 6,482801,482936,491008,491520,491522,491899
zero 10,491899,492033,524287,524288,524290,524801,557054,557056,557058,557434
zero 6,557434,557569,586912,587424,589312,589689
zero 8,589689,589824,589826,590337,622590,622592,622594,622970
zero 10,622970,623105,655358,655360,655362,655873,688126,688128,688130,688504
zero 10,688504,688641,720894,720896,720898,721409,753662,753664,753666,754038
zero 12,754038,754177,786431,786432,786434,786945,819198,819200,819202,819433,819435,819575
zero 10,819575,819946,851966,851968,851970,852481,884734,884736,884738,884876
zero 8,884876,884969,884971,885482,917502,917504,917506,917924
zero 6,917924,918017,947603,947604,962618,962815
