4
205037
0
0
erase 4,33347,65024,203434,228864
new 2,0,1024
new 2,1024,2048
new 2,2048,3072
new 2,3072,4096
new 2,4096,5120
new 2,5120,6144
new 2,6144,7168
new 2,7168,8192
new 2,8192,9216
new 2,9216,10240
new 2,10240,11264
new 2,11264,12288
new 2,12288,13312
new 2,13312,14336
new 2,14336,15360
new 2,15360,16384
new 2,16384,17408
new 2,17408,18432
new 2,18432,19456
new 2,19456,20480
new 2,20480,21504
new 2,21504,22528
new 2,22528,23552
new 2,23552,24576
new 2,24576,25600
new 2,25600,26624
new 2,26624,27648
new 2,27648,28672
new 2,28672,29696
new 2,29696,30720
new 2,30720,31744
new 4,31744,32766,32768,32770
new 6,32833,32835,65536,65538,66042,67062
new 2,67062,68086
new 2,68086,69110
new 2,69110,70134
new 2,70134,71158
new 2,71158,72182
new 2,72182,73206
new 2,73206,74230
new 2,74230,75254
new 2,75254,76278
new 2,76278,77302
new 2,77302,78326
new 2,78326,79350
new 2,79350,80374
new 2,80374,81398
new 2,81398,82422
new 2,82422,83446
new 2,83446,84470
new 2,84470,85494
new 2,85494,86518
new 2,86518,87542
new 2,87542,88566
new 2,88566,89590
new 2,89590,90614
new 2,90614,91638
new 2,91638,92662
new 2,92662,93686
new 2,93686,94710
new 2,94710,95734
new 2,95734,96758
new 2,96758,97782
new 8,97782,98302,98304,98306,98369,98371,98875,99375
new 2,99375,100399
new 2,100399,101423
new 2,101423,102447
new 2,102447,103471
new 2,103471,104495
new 2,104495,105519
new 2,105519,106543
new 2,106543,107567
new 2,107567,108591
new 2,108591,109615
new 2,109615,110639
new 2,110639,111663
new 2,111663,112687
new 2,112687,113711
new 2,113711,114735
new 2,114735,115759
new 2,115759,116783
new 2,116783,117807
new 2,117807,118831
new 2,118831,119855
new 2,119855,120879
new 2,120879,121903
new 2,121903,122927
new 2,122927,123951
new 2,123951,124975
new 2,124975,125999
new 2,125999,127023
new 2,127023,128047
new 2,128047,129071
new 2,129071,130095
new 6,130095,131070,131072,131074,131578,131625
new 2,131625,132649
new 2,132649,133673
new 2,133673,134697
new 2,134697,135721
new 2,135721,136745
new 2,136745,137769
new 2,137769,138793
new 2,138793,139817
new 2,139817,140841
new 2,140841,141865
new 2,141865,142889
new 2,142889,143913
new 2,143913,144937
new 2,144937,145961
new 2,145961,146985
new 2,146985,148009
new 2,148009,149033
new 2,149033,150057
new 2,150057,151081
new 2,151081,152105
new 2,152105,153129
new 2,153129,154153
new 2,154153,155177
new 2,155177,156201
new 2,156201,157225
new 2,157225,158249
new 2,158249,159273
new 2,159273,160297
new 2,160297,161321
new 2,161321,162345
new 2,162345,163369
new 8,163369,163838,163840,163842,163905,163907,164411,164962
new 2,164962,165986
new 2,165986,167010
new 2,167010,168034
new 2,168034,169058
new 2,169058,170082
new 2,170082,171106
new 2,171106,172130
new 2,172130,173154
new 2,173154,174178
new 2,174178,175202
new 2,175202,176226
new 2,176226,177250
new 2,177250,178274
new 2,178274,179298
new 2,179298,180322
new 2,180322,181346
new 2,181346,182370
new 2,182370,183394
new 2,183394,184418
new 2,184418,185442
new 2,185442,186466
new 2,186466,187490
new 2,187490,188514
new 2,188514,189538
new 2,189538,190562
new 2,190562,191586
new 2,191586,192610
new 2,192610,193634
new 2,193634,194658
new 2,194658,195682
new 6,195682,196606,196608,196610,197114,197212
new 2,197212,198236
new 2,198236,199260
new 2,199260,200284
new 2,200284,201308
new 2,201308,202332
new 8,202332,202922,229376,229378,229441,229443,229947,230377
new 2,230377,231401
new 2,231401,232425
new 2,232425,233449
new 2,233449,234473
new 2,234473,235497
new 2,235497,236521
new 2,236521,237545
new 2,237545,238569
new 2,238569,239593
new 2,239593,240617
new 2,240617,241641
new 2,241641,242665
new 2,242665,243689
new 2,243689,244713
new 2,244713,245737
new 2,245737,246761
new 2,246761,247785
new 2,247785,248809
new 2,248809,249833
new 2,249833,250857
new 2,250857,251881
new 2,251881,252905
new 2,252905,253929
new 2,253929,254953
new 2,254953,255977
new 2,255977,257001
new 4,257001,257986,257987,258026
new 2,258026,259050
new 2,259050,260074
new 2,260074,261098
new 4,261098,262077,262143,262144
zero 8,32766,32768,32770,32833,32835,33347,65024,65471
zero 10,65471,65536,65538,66042,98302,98304,98306,98369,98371,98761
zero 12,98761,98875,131070,131072,131074,131578,163838,163840,163842,163905,163907,164246
zero 8,164246,164411,196606,196608,196610,197114,202922,203275
zero 8,203275,203434,228864,229376,229378,229441,229443,229733
zero 6,229733,229947,257986,257987,262077,262143
